24
1	1	4	4	6	5	6	6	6	6	6	5	5	5	5	5	4	5	4	4	4	3	2
1	0	3	3	6	5	5	6	6	6	6	5	5	5	4	5	4	4	4	4	3	2	2
1	0	3	3	5	4	6	6	6	6	6	5	5	5	5	5	4	5	4	4	3	2	3
4	3	3	1	3	2	3	3	3	4	4	3	2	2	2	3	2	2	2	1	1	2	4
4	3	3	1	2	2	3	3	3	4	4	3	3	3	2	3	2	2	2	2	1	2	5
6	6	5	3	2	1	2	2	3	3	3	3	3	3	2	3	3	2	4	2	3	4	7
5	5	4	2	2	1	1	2	2	2	3	2	2	2	1	2	2	2	2	1	2	3	6
5	5	6	3	3	2	1	0	0	1	1	1	1	1	1	1	2	2	2	2	2	3	6
6	5	6	3	3	3	2	0	0	1	1	1	1	1	1	1	2	2	2	2	2	4	6
6	6	6	3	3	3	2	0	0	0	1	1	1	1	1	1	2	2	3	2	3	4	6
6	6	6	4	4	3	2	1	1	0	1	1	1	1	1	2	2	2	3	2	3	4	6
6	6	6	4	4	3	3	1	1	1	1	1	1	1	2	1	2	2	2	2	3	4	6
5	5	5	4	3	3	2	1	1	1	1	1	1	1	2	1	1	1	2	2	2	3	5
5	5	5	3	3	3	1	1	1	1	2	2	1	0	1	1	1	1	2	1	2	3	5
5	5	5	2	3	3	2	1	1	1	1	1	1	0	0	0	1	1	2	1	1	3	5
5	4	5	2	2	2	1	1	1	1	2	2	1	1	0	1	1	1	2	1	1	3	5
5	5	5	3	3	3	2	1	1	1	2	1	1	1	0	1	1	1	1	1	2	3	5
4	4	4	2	2	3	2	2	2	2	2	2	1	1	1	1	1	0	1	1	1	2	4
5	4	5	2	2	3	2	2	2	2	2	2	1	1	1	1	1	0	1	1	1	2	4
4	4	4	2	2	4	2	2	2	3	3	2	2	2	2	1	1	1	1	1	1	2	3
4	4	4	1	2	2	1	2	2	2	2	2	2	1	1	1	1	1	1	1	1	2	4
4	3	3	1	1	3	2	2	2	3	3	3	2	2	1	1	2	1	1	1	1	1	4
3	2	2	2	2	4	3	3	4	4	4	4	3	3	3	3	3	2	2	2	2	1	3
2	2	3	4	5	7	6	6	6	6	6	6	5	5	5	5	5	4	4	3	4	4	3
182
8	7	6	5	4	3	2	9	8	7	6	5	4	3	10	9	8	7	6	5	4	3	2	1	12	11	10	9	8	7	6	5	4	3	2	8	7	6	5	4	3	2	9	8	7	6	5	4	3	11	10	9	8	7	6	5	4	3	2	12	11	10	9	8	7	6	5	4	3	2	8	7	6	5	4	3	2	9	8	7	6	5	4	3	18	17	16	15	14	13	12	11	10	9	8	7	6	5	19	18	17	16	15	14	13	12	11	10	9	8	7	6	5	4	3	9	8	7	6	5	4	3	2	8	7	6	5	4	3	9	8	7	6	5	4	3	9	8	7	6	5	4	3	12	11	10	9	8	7	6	5	4	3	2	12	11	10	9	8	7	6	5	4	3	9	8	7	6	5	4	3	2	8	7	6	5	4	3	999	999	999	999
9	8	7	6	5	4	3	9	8	7	6	5	4	3	10	9	8	7	6	5	4	3	2	1	9	8	7	6	5	4	3	12	11	10	9	8	7	6	5	4	3	2	12	11	10	9	8	7	6	5	4	3	9	8	7	6	5	4	3	9	8	7	6	5	4	13	12	11	10	9	8	7	6	5	4	3	2	12	11	10	9	8	7	6	5	4	3	15	14	13	12	11	10	9	8	7	6	5	15	14	13	12	11	10	9	8	7	6	5	4	3	2	12	11	10	9	8	7	6	5	4	3	2	11	10	9	8	7	6	5	4	3	2	8	7	6	5	4	3	2	9	8	7	6	5	4	3	8	7	6	5	4	3	2	8	7	6	5	4	3	2	12	11	10	9	8	7	6	5	4	3	2	1	999	999	999	999	999	999	999	999	999
8	7	6	5	4	3	2	1	1	1	1	1	1	1	8	7	6	5	4	3	2	1	1	1	1	1	1	1	12	11	10	9	8	7	6	5	4	3	2	1	1	1	1	1	1	1	1	1	1	12	11	10	9	8	7	6	5	4	3	2	1	1	1	1	1	2	1	1	1	1	11	10	9	8	7	6	5	4	3	2	1	1	1	1	1	1	1	15	14	13	12	11	10	9	8	7	6	5	4	3	2	1	1	1	1	1	1	1	1	1	1	1	9	8	7	6	5	4	3	2	1	1	1	1	2	1	1	1	1	1	8	7	6	5	4	3	2	1	2	1	1	1	1	12	11	10	9	8	7	6	5	4	3	2	1	1	1	1	1	1	1	1	1	1	13	12	11	10	9	8	7	6	5	4	3	2	1	1	2	1	1	1
5	4	3	2	1	1	1	1	1	1	14	13	12	11	10	9	8	7	6	5	4	3	2	1	1	1	1	1	1	1	1	9	8	7	6	5	4	3	2	1	1	1	1	1	1	1	1	1	1	12	11	10	9	8	7	6	5	4	3	2	1	1	1	1	1	1	1	1	1	1	12	11	10	9	8	7	6	5	4	3	2	1	1	1	1	1	1	15	14	13	12	11	10	9	8	7	6	5	4	3	2	1	1	1	1	1	1	2	1	1	1	1	8	7	6	5	4	3	2	1	1	1	1	1	1	1	2	1	1	1	12	11	10	9	8	7	6	5	4	3	2	1	1	1	1	1	1	8	7	6	5	4	3	2	1	1	1	2	1	1	1	1	1	1	13	12	11	10	9	8	7	6	5	4	3	2	1	1	1	1	1	1
1	1	1	9	8	7	6	5	4	3	2	1	1	1	8	7	6	5	4	3	2	1	1	1	1	1	1	1	4	3	2	1	1	1	1	1	1	1	2	1	1	1	9	8	7	6	5	4	3	2	1	1	1	4	3	2	1	1	1	2	1	1	1	9	8	7	6	5	4	3	2	1	1	1	1	1	1	12	11	10	9	8	7	6	5	4	3	2	1	1	1	1	1	1	1	14	13	12	11	10	9	8	7	6	5	4	3	2	1	1	1	1	1	1	1	1	1	1	1	2	1	1	1	8	7	6	5	4	3	2	1	1	1	1	2	1	1	1	1	1	12	11	10	9	8	7	6	5	4	3	2	1	1	1	1	1	1	9	8	7	6	5	4	3	2	1	1	1	1	1	1	1	999	999	999	999	999	999	999	999	999	999
1	1	1	2	1	1	1	9	8	7	6	5	4	3	2	1	1	1	8	7	6	5	4	3	2	1	1	1	2	1	1	12	11	10	9	8	7	6	5	4	3	2	1	1	1	2	1	1	1	5	4	3	2	1	1	1	1	1	1	8	7	6	5	4	3	2	1	1	1	1	8	7	6	5	4	3	2	1	1	1	2	1	1	1	2	1	1	1	8	7	6	5	4	3	2	1	1	1	8	7	6	5	4	3	2	1	1	1	1	1	1	1	12	11	10	9	8	7	6	5	4	3	2	1	1	1	1	1	1	1	12	11	10	9	8	7	6	5	4	3	2	1	1	1	1	2	1	1	1	1	1	1	1	1	9	8	7	6	5	4	3	2	1	1	1	8	7	6	5	4	3	2	1	1	1	1	1	1	1	1	1	1
4	3	2	1	1	1	1	1	1	13	12	11	10	9	8	7	6	5	4	3	2	1	1	1	1	1	1	1	12	11	10	9	8	7	6	5	4	3	2	1	1	1	1	1	1	9	8	7	6	5	4	3	2	1	1	1	1	1	1	1	7	6	5	4	3	2	1	1	1	1	1	1	1	9	8	7	6	5	4	3	2	1	1	1	2	1	1	1	1	1	1	1	10	9	8	7	6	5	4	3	2	1	1	1	1	1	1	1	13	12	11	10	9	8	7	6	5	4	3	2	1	1	1	1	1	1	9	8	7	6	5	4	3	2	1	1	1	8	7	6	5	4	3	2	1	1	1	2	1	1	1	1	1	1	9	8	7	6	5	4	3	2	1	1	1	1	1	1	9	8	7	6	5	4	3	2	1	1	1	1	1	1
1	2	1	9	8	7	6	5	4	3	2	1	1	1	2	1	1	7	6	5	4	3	2	1	1	1	1	1	8	7	6	5	4	3	2	1	1	1	5	4	3	2	1	1	1	1	1	1	1	12	11	10	9	8	7	6	5	4	3	2	1	1	1	1	1	1	13	12	11	10	9	8	7	6	5	4	3	2	1	1	1	1	1	1	1	1	1	8	7	6	5	4	3	2	1	1	1	1	4	3	2	1	1	1	1	1	1	1	9	8	7	6	5	4	3	2	1	1	1	1	1	1	1	1	1	1	12	11	10	9	8	7	6	5	4	3	2	1	1	1	1	1	1	1	11	10	9	8	7	6	5	4	3	2	1	1	1	2	1	1	1	12	11	10	9	8	7	6	5	4	3	2	1	1	1	1	1	1	1	1	1	1
5	4	3	2	1	1	1	1	1	1	6	5	4	3	2	1	1	1	1	1	1	1	1	10	9	8	7	6	5	4	3	2	1	1	1	1	1	1	8	7	6	5	4	3	2	1	1	1	1	1	1	1	1	8	7	6	5	4	3	2	1	1	1	1	1	1	8	7	6	5	4	3	2	1	1	1	1	1	1	1	9	8	7	6	5	4	3	2	1	1	1	1	1	1	1	1	1	1	16	15	14	13	12	11	10	9	8	7	6	5	4	3	2	1	1	1	1	1	1	9	8	7	6	5	4	3	2	1	1	1	1	1	1	8	7	6	5	4	3	2	1	1	1	2	1	1	1	8	7	6	5	4	3	2	1	1	1	1	1	1	1	8	7	6	5	4	3	2	1	1	1	2	1	1	1	999	999	999	999	999	999	999
8	7	6	5	4	3	2	9	8	7	6	5	4	3	12	11	10	9	8	7	6	5	4	10	9	8	7	6	5	4	3	2	5	4	3	2	7	6	5	4	3	2	8	7	6	5	4	3	2	5	4	3	2	2	2	2	8	7	6	12	11	10	9	8	7	6	5	4	3	2	8	7	6	5	4	3	2	8	7	6	5	4	3	2	5	4	3	15	14	13	12	11	10	9	8	7	6	5	16	15	14	13	12	11	10	9	8	7	6	5	4	3	5	4	3	2	8	7	6	5	4	3	2	8	7	6	5	4	3	2	11	10	9	8	7	6	5	4	3	2	9	8	7	6	5	4	3	2	2	2	9	8	7	6	11	10	9	8	7	6	5	4	3	2	9	8	7	6	5	4	3	9	8	7	6	5	4	3	2	999	999	999
8	7	6	5	4	3	2	1	2	1	1	1	1	1	1	11	10	9	8	7	6	5	4	3	2	1	1	1	1	1	1	1	11	10	9	8	7	6	5	4	3	2	1	1	1	2	1	1	1	5	4	3	2	1	1	1	1	1	1	8	7	6	5	4	3	2	1	1	1	1	8	7	6	5	4	3	2	1	1	1	2	1	1	1	1	1	1	15	14	13	12	11	10	9	8	7	6	5	4	3	2	1	1	1	1	1	1	1	1	1	1	1	16	15	14	13	12	11	10	9	8	7	6	5	4	3	2	1	1	1	1	1	1	2	1	1	1	1	1	1	8	7	6	5	4	3	2	1	1	1	2	1	1	1	8	7	6	5	4	3	2	1	1	1	9	8	7	6	5	4	3	2	1	1	1	1	1	1	1	1	1	1
9	8	7	6	5	4	3	2	1	1	1	1	1	1	2	1	1	1	1	1	1	9	8	7	6	5	4	3	2	1	1	6	5	4	3	2	1	1	1	1	1	1	8	7	6	5	4	3	2	1	1	1	8	7	6	5	4	3	2	1	1	1	1	1	1	1	5	4	3	2	1	1	1	2	1	1	1	8	7	6	5	4	3	2	1	1	1	1	1	1	1	1	1	1	1	1	1	1	19	18	17	16	15	14	13	12	11	10	9	8	7	6	5	4	3	2	1	1	1	1	1	1	1	8	7	6	5	4	3	2	1	1	1	8	7	6	5	4	3	2	1	1	1	2	1	1	1	8	7	6	5	4	3	2	1	1	1	2	1	1	1	5	4	3	2	1	1	1	2	1	1	1	8	7	6	5	4	3	2	1	1	1
5	4	3	2	1	1	1	2	1	1	1	8	7	6	5	4	3	2	1	1	1	1	1	1	1	7	6	5	4	3	2	1	1	1	1	2	1	1	1	8	7	6	5	4	3	2	1	1	1	1	1	1	1	8	7	6	5	4	3	2	1	1	1	1	1	1	8	7	6	5	4	3	2	1	1	1	1	2	1	1	1	11	10	9	8	7	6	5	4	3	2	1	1	1	1	1	1	1	4	3	2	1	1	1	1	9	8	7	6	5	4	3	2	1	1	1	1	1	1	5	4	3	2	1	1	1	2	1	1	1	8	7	6	5	4	3	2	1	1	1	1	1	1	13	12	11	10	9	8	7	6	5	4	3	2	1	1	1	1	1	1	9	8	7	6	5	4	3	2	1	1	1	1	1	1	999	999	999	999	999	999	999
2	1	2	1	1	1	1	9	8	7	6	5	4	3	2	1	1	1	1	1	1	9	8	7	6	5	4	3	2	1	1	2	1	1	1	12	11	10	9	8	7	6	5	4	3	2	1	1	1	2	1	1	1	1	1	1	9	8	7	6	5	4	3	2	1	1	8	7	6	5	4	3	2	1	1	1	1	1	1	1	2	1	1	1	12	11	10	9	8	7	6	5	4	3	2	1	1	1	8	7	6	5	4	3	2	1	1	1	1	1	1	1	2	1	1	1	11	10	9	8	7	6	5	4	3	2	1	1	1	1	1	1	1	2	1	1	1	8	7	6	5	4	3	2	1	1	1	2	1	1	1	7	6	5	4	3	2	1	1	1	1	8	7	6	5	4	3	2	1	1	1	2	1	1	1	1	1	1	1	999	999	999
1	2	1	1	8	7	6	5	4	3	2	1	1	1	1	11	10	9	8	7	6	5	4	3	2	1	1	1	1	1	1	1	5	4	3	2	1	1	1	8	7	6	5	4	3	2	1	1	1	1	1	1	9	8	7	6	5	4	3	2	1	1	1	1	1	1	9	8	7	6	5	4	3	2	1	1	1	1	1	1	1	1	1	1	1	1	1	15	14	13	12	11	10	9	8	7	6	5	4	3	2	1	1	1	1	1	1	1	1	1	1	1	9	8	7	6	5	4	3	2	1	1	1	8	7	6	5	4	3	2	1	1	1	1	1	1	8	7	6	5	4	3	2	1	1	1	1	9	8	7	6	5	4	3	2	1	1	1	1	1	1	8	7	6	5	4	3	2	1	1	1	2	1	1	1	5	4	3	2	1	1	1
1	2	1	1	8	7	6	5	4	3	2	1	1	1	8	7	6	5	4	3	2	1	1	1	1	1	1	1	8	7	6	5	4	3	2	1	1	1	1	1	1	1	9	8	7	6	5	4	3	2	1	1	1	4	3	2	1	1	1	1	1	1	1	9	8	7	6	5	4	3	2	1	1	1	1	1	1	9	8	7	6	5	4	3	2	1	1	1	1	1	1	1	10	9	8	7	6	5	4	3	2	1	1	1	1	1	1	1	9	8	7	6	5	4	3	2	1	1	1	1	1	1	1	8	7	6	5	4	3	2	1	1	1	1	1	1	2	1	1	1	12	11	10	9	8	7	6	5	4	3	2	1	1	1	2	1	1	9	8	7	6	5	4	3	2	1	1	1	1	1	1	1	8	7	6	5	4	3	2	1	1	1
9	8	7	6	5	4	3	2	1	2	1	1	1	1	1	1	1	9	8	7	6	5	4	3	2	1	1	1	2	1	1	2	1	1	1	1	4	3	2	1	1	1	8	7	6	5	4	3	2	1	1	1	6	5	4	3	2	1	1	1	1	1	1	4	3	2	1	1	1	1	1	1	1	1	1	1	1	10	9	8	7	6	5	3	4	3	2	1	1	1	1	15	14	13	12	11	10	9	8	7	6	5	4	3	2	1	1	1	1	1	1	1	1	1	1	9	8	7	6	5	4	3	2	1	1	1	1	1	1	1	8	7	6	5	4	3	2	1	1	1	1	1	1	9	8	7	6	5	4	3	2	1	1	1	2	1	1	1	5	4	3	2	1	1	2	1	1	1	1	1	1	999	999	999	999	999	999	999	999	999	999	999
5	4	3	9	8	7	6	5	4	3	12	11	10	9	8	7	6	5	4	3	2	9	8	7	6	5	4	3	5	4	3	2	2	2	2	8	7	6	5	4	3	2	9	8	7	6	5	4	3	2	2	2	2	9	8	7	6	5	4	12	11	10	9	8	7	6	12	11	10	9	8	7	6	5	4	3	2	16	15	14	13	12	11	10	9	8	7	6	5	4	3	2	2	2	2	2	2	2	4	3	2	2	2	2	2	8	7	6	5	4	3	2	2	2	2	9	8	7	6	5	4	3	2	8	7	6	5	4	3	2	2	2	2	8	7	6	5	4	3	2	8	7	6	5	4	3	2	2	7	6	5	4	3	2	12	11	10	9	8	7	6	12	11	10	9	8	7	6	5	4	3	999	999	999	999	999	999	999	999	999	999	999
8	7	6	5	4	3	2	1	2	1	1	1	1	1	5	4	3	2	1	1	1	1	1	7	6	5	4	3	2	1	1	2	1	1	1	5	4	3	2	1	1	1	1	1	1	1	8	7	6	5	4	3	2	1	1	1	8	7	6	5	4	3	2	1	1	1	1	1	1	1	1	1	1	9	8	7	6	5	4	3	2	1	1	1	8	7	6	5	4	3	2	1	1	1	1	1	1	1	4	3	2	1	1	1	1	8	7	6	5	4	3	2	1	1	1	1	12	11	10	9	8	7	6	5	4	3	2	1	1	1	1	1	1	9	8	7	6	5	4	3	2	1	1	1	1	1	1	1	1	1	9	8	7	6	5	4	3	2	1	1	1	1	1	1	2	1	1	1	8	7	6	5	4	3	2	1	1	1	999	999	999	999
2	1	1	1	8	7	6	5	4	3	2	1	1	1	2	1	1	1	1	1	1	9	8	7	6	5	4	3	2	1	1	9	8	7	6	5	4	3	2	1	1	1	1	1	1	9	8	7	6	5	4	3	2	1	1	1	1	1	1	9	8	7	6	5	4	3	2	1	1	1	1	1	1	9	8	7	6	5	4	3	2	1	1	1	1	1	1	1	1	1	1	1	1	1	15	14	13	12	11	10	9	8	7	6	5	4	3	2	1	1	1	1	9	8	7	6	5	4	3	2	1	1	1	1	1	1	9	8	7	6	5	4	3	2	1	1	1	1	1	1	9	8	7	6	5	4	3	2	1	1	1	1	1	1	8	7	6	5	4	3	2	1	1	1	1	1	1	1	8	7	6	5	4	3	2	1	1	1	1	1	1	1
2	1	1	1	1	1	1	9	8	7	6	5	4	3	2	1	1	1	1	1	1	9	8	7	6	5	4	3	2	1	1	6	5	4	3	2	1	1	1	1	1	1	2	1	1	1	8	7	6	5	4	3	2	1	1	1	1	1	1	8	7	6	5	4	3	2	1	1	1	1	1	1	1	12	11	10	9	8	7	6	5	4	3	2	1	1	1	1	5	4	3	2	1	1	1	1	1	1	4	3	2	1	1	1	1	12	11	10	9	8	7	6	5	4	3	2	1	1	1	1	1	1	1	1	1	1	9	8	7	6	5	4	3	2	1	1	1	1	1	1	8	7	6	5	4	3	2	1	1	1	2	1	1	1	9	8	7	6	5	4	3	2	1	1	1	1	1	1	12	11	10	9	8	7	6	5	4	3	2	1	1	1
1	2	1	1	1	1	1	9	8	7	6	5	4	3	2	1	1	1	1	1	1	1	1	10	9	8	7	6	5	4	3	2	1	1	1	9	8	7	6	5	4	3	2	1	1	1	1	1	1	10	9	8	7	6	5	4	3	2	1	1	1	1	1	1	1	2	1	1	1	8	7	6	5	4	3	2	1	1	1	1	9	8	7	6	5	4	3	2	1	1	1	1	1	1	1	1	1	1	15	14	13	12	11	10	9	8	7	6	5	4	3	2	1	1	1	1	1	1	1	5	4	3	2	1	1	1	1	1	1	12	11	10	9	8	7	6	5	4	3	2	1	1	1	1	1	1	1	8	7	6	5	4	3	2	1	2	1	2	1	1	1	1	1	1	9	8	7	6	5	4	3	2	1	1	1	1	1	1	999	999	999	999
5	4	3	2	1	1	1	1	1	1	1	8	7	6	5	4	3	2	1	1	1	1	1	1	1	7	6	5	4	3	2	1	1	1	1	1	1	1	1	1	14	13	12	11	10	9	8	7	6	5	4	3	2	1	1	1	1	1	1	9	8	7	6	5	4	3	2	1	1	1	1	1	1	2	1	1	1	1	1	1	9	8	7	6	5	4	3	2	1	1	1	1	1	1	1	14	13	12	11	10	9	8	7	6	5	4	3	2	1	1	1	1	1	1	1	2	1	1	1	16	15	14	13	12	11	10	9	8	7	6	5	4	3	2	1	1	1	1	2	1	8	7	6	5	4	3	2	1	1	1	2	1	1	1	8	7	6	5	4	3	2	1	1	1	1	1	1	1	1	1	1	2	1	1	1	999	999	999	999	999	999	999
2	1	1	2	1	1	1	9	8	7	6	5	4	3	2	1	1	1	1	1	1	1	1	1	9	8	7	6	5	4	3	2	1	1	1	1	1	1	12	11	10	9	8	7	6	5	4	3	2	1	1	1	1	1	1	1	2	1	1	12	11	10	9	8	7	6	5	4	3	2	1	1	1	2	1	1	1	1	1	1	1	8	7	6	5	4	3	2	1	1	1	1	1	1	2	1	1	1	16	15	14	13	12	11	10	9	8	7	6	5	4	3	2	1	1	1	1	1	1	12	11	10	9	8	7	6	5	4	3	2	1	1	1	1	1	1	8	7	6	5	4	3	2	1	1	1	1	1	1	1	1	1	1	1	11	10	9	8	7	6	5	4	3	2	1	1	1	1	1	1	1	2	1	1	1	999	999	999	999	999	999	999
Menlo Park
Los Angeles - Anaheim
San Diego
Arlington
Houston
Miami
Atlanta
Baltimore
Philadelphia
New York
Boston
Montreal
Toronto
Pittsburg
Cleveland
Cincinnati
Detroit
Chicago
Milwaukee
Bloomington
St. Louis
Kansas City
Denver
Seattle
